Hook to slider inertia values: Need to multiply by (s⁵). s is the scale factor

Modified fin inertia tensor:

| 30179473408.000000 -550456704.000000 -2789166336.000000 |

| -550456704.000000 44651044864.000000 -6565756928.000000 |

| -2789166336.000000 -6565756928.000000 69533851648.000000 |







| 368968.500000 129.486328 408526.156250 |

| 129.486328 1205141.125000 245.568542 |

| 408526.156250 245.568542 870294.750000 |

multiplied by s⁵

[3.689685000000001e-05,1.294863280000000e-08,4.085261562500001e-05;

1.294863280000000e-08,1.205141125000000e-04,2.455685420000001e-08;

4.085261562500001e-05,2.455685420000001e-08,8.702947500000001e-05]






attatchment

| 503414464.000000 -2513593.250000 -1093011.875000 |

| -2513593.250000 56844280.000000 -110974984.000000 |

| -1093011.875000 -110974984.000000 450456256.000000 |

multiplied by s⁵

[0.050341446400000,-2.513593250000001e-04,-1.093011875000000e-04;

-2.513593250000001e-04,0.005684428000000,-0.011097498400000;

-1.093011875000000e-04,-0.011097498400000,0.045045625600000]








ball_slider

| 7937.935059 -1.889823 4.325785 |

| -1.889823 10917.079102 762.782043 |

| 4.325785 762.782043 8139.705566 |

multiplied by s⁵

[7.937935059000002e-07,-1.889823000000000e-10,4.325785000000001e-10;

-1.889823000000000e-10,1.091707910200000e-06,7.627820430000001e-08;

4.325785000000001e-10,7.627820430000001e-08,8.139705566000001e-07]









base_link

| 28999008.000000 143.715286 0.308601 |

| 143.715286 46901.890625 -25600.488281 |

| 0.308601 -25600.488281 28998834.000000 |

multiplied by s⁵

[0.002899900800000,1.437152860000000e-08,3.086010000000000e-11;

1.437152860000000e-08,4.690189062500001e-06,-2.560048828100000e-06;

3.086010000000000e-11,-2.560048828100000e-06,0.002899883400000]









fin

| 30110726144.000000 -1290816896.000000 800533760.000000 |

| -1290816896.000000 44995039232.000000 -6807791104.000000 |

| 800533760.000000 -6807791104.000000 69837668352.000000 |

multiplied by s⁵

[3.011072614400001,-0.129081689600000,0.080053376000000;

-0.129081689600000,4.499503923200001,-0.680779110400000;

0.080053376000000,-0.680779110400000,6.983766835200001]








input_bar_1

| 10981736.000000 -15086.196289 14820546.000000 |

| -15086.196289 38157212.000000 7736.248535 |

| 14820546.000000 7736.248535 29214714.000000 |

multiplied by s⁵

[0.001098173600000,-1.508619628900000e-06,0.001482054600000;

-1.508619628900000e-06,0.003815721200000,7.736248535000001e-07;

0.001482054600000,7.736248535000001e-07,0.002921471400000]









input_bar_2 inertia values:

| 2925835.250000 -1254.839233 1080994.875000 |

| -1254.839233 52815956.000000 640.648987 |

| 1080994.875000 640.648987 52157712.000000 |

multiplied by s⁵

[2.925835250000000e-04,-1.254839233000000e-07,1.080994875000000e-04;

-1.254839233000000e-07,0.005281595600000,6.406489870000002e-08;

1.080994875000000e-04,6.406489870000002e-08,0.005215771200000]








